ST_YMD	VDS_ID	LANE_NO	VOL	SPD	OCC
20180801 	0010VDE30500	2	156	115.73	4.35
20180801 	0010VDE30600	2	192	105.4	7.25
20180801 	0010VDE30650	2	0	100	0
20180801 	0010VDE30700	2	214	105.8	6.98
20180801 	0010VDE30800	2	214	85	9.14
20180801 	0010VDE30900	2	284	100.93	7.56
20180801 	0010VDE31000	2	200	105.93	5.77
20180801 	0010VDS30500	2	188	97	6.03
20180801 	0010VDS30600	2	200	109	6.14
20180801 	0010VDS30650	2	0	100	0
20180801 	0010VDS30700	2	240	92.67	8.26
20180801 	0010VDS30800	2	228	67.73	10.66
20180801 	0010VDS30900	2	252	96.53	9.11
20180801 	0010VDS31000	2	268	90.6	9.27
20180801 	0010VDE30500	2	161	115.12	4.62
20180801 	0010VDE30600	2	189	108.43	6.59
20180801 	0010VDE30650	2	0	100	0
20180801 	0010VDE30700	2	201	111.32	6.57
20180801 	0010VDE30800	2	214	87.58	8.91
20180801 	0010VDE30900	2	261	95.8	7.44
20180801 	0010VDE31000	2	230	107.72	6.73
20180801 	0010VDS30500	2	187	104.95	5.89
20180801 	0010VDS30600	2	219	110.62	6.96
20180801 	0010VDS30650	2	0	100	0
20180801 	0010VDS30700	2	246	91.92	8.49
20180801 	0010VDS30800	2	224	68.67	10.12
20180801 	0010VDS30900	2	226	99.17	8.17
20180801 	0010VDS31000	2	252	89.1	9.7
20180801 	0010VDE30500	2	162	118.27	4.38
20180801 	0010VDE30600	2	166	108.73	5.68
20180801 	0010VDE30650	2	0	100	0
20180801 	0010VDE30700	2	204	111.6	6.4
20180801 	0010VDE30800	2	226	86.13	9.18
20180801 	0010VDE30900	2	252	99	6.98
20180801 	0010VDE31000	2	198	106.67	6.03
20180801 	0010VDS30500	2	212	103.4	6.64
20180801 	0010VDS30600	2	208	108.07	6.58
20180801 	0010VDS30650	2	0	100	0
20180801 	0010VDS30700	2	216	96.13	7.37
20180801 	0010VDS30800	2	228	70.67	9.72
20180801 	0010VDS30900	2	244	100.53	8.29
20180801 	0010VDS31000	2	228	95.2	7.86
20180801 	0010VDE30500	2	164	112.47	4.61
20180801 	0010VDE30600	2	176	107.67	5.66
20180801 	0010VDE30650	2	0	100	0
20180801 	0010VDE30700	2	202	115.87	5.65
20180801 	0010VDE30800	2	214	87.93	8.47
20180801 	0010VDE30900	2	224	104.67	5.99
20180801 	0010VDE31000	2	198	110.8	5.78
20180801 	0010VDS30500	2	180	105	5.27
20180801 	0010VDS30600	2	204	110.67	6.75
20180801 	0010VDS30650	2	0	100	0
20180801 	0010VDS30700	2	198	102.73	5.92
20180801 	0010VDS30800	2	208	70.4	8.85
20180801 	0010VDS30900	2	206	102.07	6.69
20180801 	0010VDS31000	2	212	92.47	7.31
20180802 	0010VDE30500	2	175	111.42	5.28
20180802 	0010VDE30600	2	208	104.85	7.96
20180802 	0010VDE30650	2	0	100	0
20180802 	0010VDE30700	2	219	104.73	7.01
20180802 	0010VDE30800	2	210	81.42	10.68
20180802 	0010VDE30900	2	295	94.76	9.07
20180802 	0010VDE31000	2	227	102.38	6.83
20180802 	0010VDS30500	2	191	100.71	6.17
20180802 	0010VDS30600	2	235	106.73	8.64
20180802 	0010VDS30650	2	0	100	0
20180802 	0010VDS30700	2	213	92.93	7.61
20180802 	0010VDS30800	2	225	66.48	10.87
20180802 	0010VDS30900	2	236	97.63	8.84
20180802 	0010VDS31000	2	219	92.2	7.77
20180802 	0010VDE30500	2	209	110.38	5.91
20180802 	0010VDE30600	2	200	108.19	7.22
20180802 	0010VDE30650	2	0	100	0
20180802 	0010VDE30700	2	210	106.11	6.63
20180802 	0010VDE30800	2	211	83.93	8.36
20180802 	0010VDE30900	2	291	94.95	8.14
20180802 	0010VDE31000	2	229	103.52	6.92
20180802 	0010VDS30500	2	123	31.08	39
20180802 	0010VDS30600	2	210	103.03	8.01
20180802 	0010VDS30650	2	0	100	0
20180802 	0010VDS30700	2	212	94.57	7.25
20180802 	0010VDS30800	2	222	68.5	11.14
20180802 	0010VDS30900	2	260	99.32	9.36
20180802 	0010VDS31000	2	220	90.83	8.38
20180802 	0010VDE30500	2	197	114.64	5.39
20180802 	0010VDE30600	2	165	108.21	5.94
20180802 	0010VDE30650	2	0	100	0
20180802 	0010VDE30700	2	222	107.73	7.02
20180802 	0010VDE30800	2	232	82.68	11
20180802 	0010VDE30900	2	258	97.83	7.49
20180802 	0010VDE31000	2	226	105.17	6.85
20180802 	0010VDS30600	2	167	42.99	21.91
20180802 	0010VDS30650	2	0	100	0
20180802 	0010VDS30700	2	207	99.61	6.33
20180802 	0010VDS30800	2	212	71.03	8.83
20180802 	0010VDS30900	2	204	103.2	6.42
20180802 	0010VDS31000	2	207	94.75	6.87
20180802 	0010VDE30500	2	160	113.86	4.39
20180802 	0010VDE30600	2	173	107.99	6.01
20180802 	0010VDE30650	2	0	100	0
20180802 	0010VDE30700	2	229	107.6	7.24
20180802 	0010VDE30800	2	212	85.69	8.89
20180802 	0010VDE30900	2	235	101.35	6.48
20180802 	0010VDE31000	2	211	109.24	5.87
20180802 	0010VDS30500	2	182	21.09	40.62
20180802 	0010VDS30600	2	122	26.36	34.09
20180802 	0010VDS30650	2	0	100	0
20180802 	0010VDS30700	2	181	99.84	6.1
20180802 	0010VDS30800	2	180	72.23	7.64
20180802 	0010VDS30900	2	178	104.44	6.24
20180802 	0010VDS31000	2	182	97.35	6.6
20180803 	0010VDE30500	2	152	108.44	4.91
20180803 	0010VDE30600	2	231	103.49	8.58
20180803 	0010VDE30650	2	0	100	0
20180803 	0010VDE30700	2	241	101.44	7.88
20180803 	0010VDE30800	2	219	77.75	10.37
20180803 	0010VDE30900	2	363	90.9	10.83
20180803 	0010VDE31000	2	211	93.63	6.74
20180803 	0010VDS30500	2	191	97.7	6.33
20180803 	0010VDS30600	2	214	103.79	7.19
20180803 	0010VDS30650	2	0	100	0
20180803 	0010VDS30700	2	186	93.09	6.53
20180803 	0010VDS30800	2	203	62.15	10.73
20180803 	0010VDS30900	2	272	91.65	9.89
20180803 	0010VDS31000	2	213	86.83	7.7
20180803 	0010VDE30500	2	166	110.5	4.97
20180803 	0010VDE30600	2	208	104.57	7.59
20180803 	0010VDE30650	2	0	100	0
20180803 	0010VDE30700	2	215	104.6	6.8
20180803 	0010VDE30800	2	222	83.17	10.11
20180803 	0010VDE30900	2	324	92.03	9.75
20180803 	0010VDE31000	2	230	100.07	7.32
20180803 	0010VDS30500	2	187	97.4	6.61
20180803 	0010VDS30600	2	212	104.87	7.08
20180803 	0010VDS30650	2	0	100	0
20180803 	0010VDS30700	2	208	91.53	7.29
20180803 	0010VDS30800	2	230	65.43	11.43
20180803 	0010VDS30900	2	275	94.17	9.98
20180803 	0010VDS31000	2	219	87.87	8.2
20180803 	0010VDE30500	2	176	109.92	4.97
20180803 	0010VDE30600	2	221	104.43	7.98
20180803 	0010VDE30650	2	0	100	0
20180803 	0010VDE30700	2	237	104.57	7.16
20180803 	0010VDE30800	2	238	83.55	10.6
20180803 	0010VDE30900	2	319	94.86	9.2
20180803 	0010VDE31000	2	230	100.33	7.53
20180803 	0010VDS30500	2	194	100.26	6.28
20180803 	0010VDS30600	2	231	107.3	7.52
20180803 	0010VDS30650	2	0	100	0
20180803 	0010VDS30700	2	213	92.75	7.52
20180803 	0010VDS30800	2	241	64.61	12.43
20180803 	0010VDS30900	2	264	96.13	8.68
20180803 	0010VDS31000	2	219	91.53	7.8
20180803 	0010VDE30500	2	171	114.2	5.09
20180803 	0010VDE30600	2	212	105.83	7.32
20180803 	0010VDE30650	2	0	100	0
20180803 	0010VDE30700	2	221	105.23	6.8
20180803 	0010VDE30800	2	227	81.85	9.21
20180803 	0010VDE30900	2	295	96.14	8.76
20180803 	0010VDE31000	2	247	101.82	7.44
20180803 	0010VDS30500	2	213	103.55	7.14
20180803 	0010VDS30600	2	219	107.55	7.28
20180803 	0010VDS30650	2	0	100	0
20180803 	0010VDS30700	2	209	95.37	7.29
20180803 	0010VDS30800	2	215	68.43	10.62
20180803 	0010VDS30900	2	246	99.46	8.67
20180803 	0010VDS31000	2	203	91.52	8.05
20180804 	0010VDE30500	2	162	110.1	4.55
20180804 	0010VDE30600	2	228	101.87	8.28
20180804 	0010VDE30650	2	0	100	0
20180804 	0010VDE30700	2	219	100.7	7.1
20180804 	0010VDE30800	2	208	78.7	10.45
20180804 	0010VDE30900	2	338	90.3	10.2
20180804 	0010VDE31000	2	238	91.93	8.18
20180804 	0010VDS30500	2	184	98.5	5.55
20180804 	0010VDS30600	2	132	111.87	6.87
20180804 	0010VDS30650	2	0	100	0
20180804 	0010VDS30700	2	199	92.2	6.84
20180804 	0010VDS30800	2	211	66.8	9.9
20180804 	0010VDS30900	2	234	97.4	8.33
20180804 	0010VDS31000	2	179	89.07	6.34
20180804 	0010VDE30500	2	174	110.77	5.33
20180804 	0010VDE30600	2	220	102.73	9.09
20180804 	0010VDE30650	2	0	100	0
20180804 	0010VDE30700	2	232	101.73	7.35
20180804 	0010VDE30800	2	226	78.63	10.59
20180804 	0010VDE30900	2	353	91.67	11
20180804 	0010VDE31000	2	234	97.77	7.52
20180804 	0010VDS30500	2	182	99.87	5.68
20180804 	0010VDS30600	2	77	108.2	3.96
20180804 	0010VDS30650	2	0	100	0
20180804 	0010VDS30700	2	190	92.6	6.44
20180804 	0010VDS30800	2	205	66.6	9.71
20180804 	0010VDS30900	2	257	97.83	8.78
20180804 	0010VDS31000	2	197	91.93	6.8
20180804 	0010VDE30500	2	177	112.77	4.99
20180804 	0010VDE30600	2	205	107.33	7.57
20180804 	0010VDE30650	2	0	100	0
20180804 	0010VDE30700	2	251	103.1	8.27
20180804 	0010VDE30800	2	248	81.53	10.85
20180804 	0010VDE30900	2	332	95.63	9.28
20180804 	0010VDE31000	2	265	98.97	8.53
20180804 	0010VDS30500	2	175	102.73	5.05
20180804 	0010VDS30600	2	181	102.9	9.72
20180804 	0010VDS30650	2	0	100	0
20180804 	0010VDS30700	2	191	98.17	5.79
20180804 	0010VDS30800	2	193	70.93	8.37
20180804 	0010VDS30900	2	211	100.97	6.72
20180804 	0010VDS31000	2	186	95.5	6.36
20180804 	0010VDE30500	2	177	117.34	4.86
20180804 	0010VDE30600	2	174	109.51	6.03
20180804 	0010VDE30650	2	0	100	0
20180804 	0010VDE30700	2	220	108.13	6.51
20180804 	0010VDE30800	2	217	87.61	8.77
20180804 	0010VDE30900	2	282	100.95	7.47
20180804 	0010VDE31000	2	255	106.37	7.51
20180804 	0010VDS30500	2	164	105.52	5.07
20180804 	0010VDS30600	2	86	105.59	5.48
20180804 	0010VDS30650	2	0	100	0
20180804 	0010VDS30700	2	185	99.11	6.25
20180804 	0010VDS30800	2	191	70.66	9.25
20180804 	0010VDS30900	2	190	105.6	6.64
20180804 	0010VDS31000	2	197	97.67	6.92
20180805 	0010VDE30500	2	157	111.24	4.88
20180805 	0010VDE30600	2	198	107.55	7.7
20180805 	0010VDE30650	2	0	100	0
20180805 	0010VDE30700	2	204	103.73	6.59
20180805 	0010VDE30800	2	197	85.7	8.63
20180805 	0010VDE30900	2	291	99.43	7.57
20180805 	0010VDE31000	2	217	104.88	6.69
20180805 	0010VDS30500	2	192	104.15	5.6
20180805 	0010VDS30600	2	215	111.78	8.66
20180805 	0010VDS30650	2	3	99.03	0.06
20180805 	0010VDS30700	2	198	99.42	6.56
20180805 	0010VDS30800	2	220	69.88	9.46
20180805 	0010VDS30900	2	241	100.89	8.14
20180805 	0010VDS31000	2	233	93.81	7.94
20180805 	0010VDE30500	2	160	114.82	4.65
20180805 	0010VDE30600	2	228	104.01	8.7
20180805 	0010VDE30650	2	0	100	0
20180805 	0010VDE30700	2	221	107.79	7.15
20180805 	0010VDE30800	2	229	85.51	9.89
20180805 	0010VDE30900	2	319	95.98	9.28
20180805 	0010VDE31000	2	226	104.7	6.92
20180805 	0010VDS30500	2	200	104.74	6.04
20180805 	0010VDS30600	2	154	117.61	5.42
20180805 	0010VDS30650	2	4	99.87	0.08
20180805 	0010VDS30700	2	209	96.53	7.5
20180805 	0010VDS30800	2	226	69.27	11.59
20180805 	0010VDS30900	2	231	99.92	8.06
20180805 	0010VDS31000	2	215	93.34	7.39
20180805 	0010VDE30500	2	168	115.8	4.51
20180805 	0010VDE30600	2	206	105.16	8
20180805 	0010VDE30650	2	0	100	0
20180805 	0010VDE30700	2	224	103.69	6.98
20180805 	0010VDE30800	2	233	82.34	9.5
20180805 	0010VDE30900	2	303	95.07	9.3
20180805 	0010VDE31000	2	233	103.94	6.8
20180805 	0010VDS30500	2	199	104.91	5.75
20180805 	0010VDS30600	2	61	123.8	1.68
20180805 	0010VDS30650	2	1	99.77	0.02
20180805 	0010VDS30700	2	194	96.82	6.33
20180805 	0010VDS30800	2	214	70.34	9.82
20180805 	0010VDS30900	2	233	99.73	8.31
20180805 	0010VDS31000	2	220	92.23	7.77
20180805 	0010VDE30500	2	178	116.3	4.52
20180805 	0010VDE30600	2	207	107.77	7.63
20180805 	0010VDE30650	2	0	100	0
20180805 	0010VDE30700	2	219	107.73	6.4
20180805 	0010VDE30800	2	237	86.5	9.5
20180805 	0010VDE30900	2	278	99.23	7.5
20180805 	0010VDE31000	2	239	105	6.84
20180805 	0010VDS30500	2	185	103.23	5.54
20180805 	0010VDS30600	2	92	119.1	3.05
20180805 	0010VDS30650	2	2	98.37	0.05
20180805 	0010VDS30700	2	202	98.8	6.46
20180805 	0010VDS30800	2	208	69.8	9.78
20180805 	0010VDS30900	2	196	103.03	6.87
20180805 	0010VDS31000	2	186	95.53	6.49
20180806 	0010VDE30500	2	177	119.27	4.94
20180806 	0010VDE30600	2	180	107.63	6.41
20180806 	0010VDE30650	2	0	100	0
20180806 	0010VDE30700	2	225	107.5	6.87
20180806 	0010VDE30800	2	213	83.3	9.85
20180806 	0010VDE30900	2	263	98.7	7.4
20180806 	0010VDE31000	2	222	105.57	6.59
20180806 	0010VDS30500	2	194	105.13	6.34
20180806 	0010VDS30600	2	210	104.8	13.72
20180806 	0010VDS30650	2	1	98	0.06
20180806 	0010VDS30700	2	199	96.27	6.61
20180806 	0010VDS30800	2	214	69.6	10.39
20180806 	0010VDS30900	2	231	105.63	7.94
20180806 	0010VDS31000	2	220	97.8	7.53
20180806 	0010VDE30500	2	166	115.59	5.21
20180806 	0010VDE30600	2	165	110.29	5.91
20180806 	0010VDE30650	2	0	100	0
20180806 	0010VDE30700	2	217	110.72	6.48
20180806 	0010VDE30800	2	216	85.94	9.27
20180806 	0010VDE30900	2	259	99.43	7.17
20180806 	0010VDE31000	2	228	108.69	6.83
20180806 	0010VDS30500	2	177	104.58	5.77
20180806 	0010VDS30600	2	180	105.29	12.61
20180806 	0010VDS30650	2	0	100	0
20180806 	0010VDS30700	2	201	96.54	6.98
20180806 	0010VDS30800	2	207	68.76	10.3
20180806 	0010VDS30900	2	192	101.93	6.56
20180806 	0010VDS31000	2	192	94.52	7.03
20180806 	0010VDE30500	2	180	118.84	5.13
20180806 	0010VDE30600	2	180	110.76	6.39
20180806 	0010VDE30650	2	0	100	0
20180806 	0010VDE30700	2	228	111.06	6.96
20180806 	0010VDE30800	2	223	86.01	8.77
20180806 	0010VDE30900	2	241	98.27	6.38
20180806 	0010VDE31000	2	226	109.29	6.82
20180806 	0010VDS30500	2	175	106.55	5.58
20180806 	0010VDS30600	2	125	112.41	4.19
20180806 	0010VDS30650	2	0	100	0
20180806 	0010VDS30700	2	178	97.11	5.71
20180806 	0010VDS30800	2	169	71.74	7.42
20180806 	0010VDS30900	2	165	103.87	5.4
20180806 	0010VDS31000	2	173	96.01	5.75
20180806 	0010VDE30500	2	151	122.03	3.76
20180806 	0010VDE30600	2	133	111.19	4.63
20180806 	0010VDE30650	2	0	100	0
20180806 	0010VDE30700	2	175	113.37	4.87
20180806 	0010VDE30800	2	173	89.25	6.88
20180806 	0010VDE30900	2	203	104.72	5.68
20180806 	0010VDE31000	2	185	114.08	5.16
20180806 	0010VDS30500	2	167	107.56	5.33
20180806 	0010VDS30600	2	117	116.69	4.33
20180806 	0010VDS30650	2	1	98.04	0.05
20180806 	0010VDS30700	2	186	101.23	5.92
20180806 	0010VDS30800	2	183	70.04	8.81
20180806 	0010VDS30900	2	165	106.65	5.6
20180806 	0010VDS31000	2	174	98.22	6.21
20180807 	0010VDE30500	2	177	116.8	4.92
20180807 	0010VDE30600	2	188	107.07	6.5
20180807 	0010VDE30650	2	0	100	0
20180807 	0010VDE30700	2	203	108.83	6.3
20180807 	0010VDE30800	2	218	83.7	9.1
20180807 	0010VDE30900	2	263	98.3	7.15
20180807 	0010VDE31000	2	210	105.67	6.07
20180807 	0010VDS30500	2	200	102.47	6.65
20180807 	0010VDS30600	2	103	116.7	3.56
20180807 	0010VDS30650	2	0	100	0
20180807 	0010VDS30700	2	221	95.93	7.68
20180807 	0010VDS30800	2	224	66.77	11.35
20180807 	0010VDS30900	2	237	97.9	8.58
20180807 	0010VDS31000	2	234	92.6	7.97
20180807 	0010VDE30500	2	181	115.07	5.28
20180807 	0010VDE30600	2	195	108.9	7.16
20180807 	0010VDE30650	2	0	100	0
20180807 	0010VDE30700	2	230	106.85	7.35
20180807 	0010VDE30800	2	210	83.56	8.84
20180807 	0010VDE30900	2	257	96.73	7.67
20180807 	0010VDE31000	2	211	105.96	6.48
20180807 	0010VDS30500	2	191	103.16	6.39
20180807 	0010VDS30600	2	115	118.15	4.85
20180807 	0010VDS30650	2	0	100	0
20180807 	0010VDS30700	2	223	96.56	7.38
20180807 	0010VDS30800	2	216	70.61	10.91
20180807 	0010VDS30900	2	232	100.36	7.8
20180807 	0010VDS31000	2	226	92.2	7.86
20180807 	0010VDE30500	2	178	116.67	4.98
20180807 	0010VDE30600	2	156	109.17	5.38
20180807 	0010VDE30650	2	0	100	0
20180807 	0010VDE30700	2	219	110.8	6.2
20180807 	0010VDE30800	2	211	86.6	8.19
20180807 	0010VDE30900	2	245	102.8	7.39
20180807 	0010VDE31000	2	205	108.63	5.93
20180807 	0010VDS30500	2	191	102.83	6.14
20180807 	0010VDS30600	2	28	108.92	0.68
20180807 	0010VDS30650	2	0	100	0
20180807 	0010VDS30700	2	185	97.1	5.91
20180807 	0010VDS30800	2	204	69.5	9.78
20180807 	0010VDS30900	2	179	101.43	6.36
20180807 	0010VDS31000	2	186	94.43	6.13
20180807 	0010VDE30500	2	162	118.47	4.42
20180807 	0010VDE30600	2	148	107.43	5.29
20180807 	0010VDE30650	2	0	100	0
20180807 	0010VDE30700	2	209	112.36	6.42
20180807 	0010VDE30800	2	208	86.42	8.89
20180807 	0010VDE30900	2	240	101.71	6.56
20180807 	0010VDE31000	2	209	110.41	5.67
20180807 	0010VDS30500	2	183	103.86	6.14
20180807 	0010VDS30600	2	10	100.04	0.35
20180807 	0010VDS30650	2	0	100	0
20180807 	0010VDS30700	2	198	99.98	6.49
20180807 	0010VDS30800	2	205	72.25	9.44
20180807 	0010VDS30900	2	195	103.91	6.61
20180807 	0010VDS31000	2	207	97.63	7.32
20180808 	0010VDE30500	2	192	116.77	5.67
20180808 	0010VDE30600	2	184	103.5	6.92
20180808 	0010VDE30650	2	0	100	0
20180808 	0010VDE30700	2	233	104.91	7.67
20180808 	0010VDE30800	2	236	86.04	10.12
20180808 	0010VDE30900	2	292	94.63	9.01
20180808 	0010VDE31000	2	237	103.63	6.94
20180808 	0010VDS30500	2	201	103.7	6.67
20180808 	0010VDS30600	2	0	100	0
20180808 	0010VDS30650	2	0	100	0
20180808 	0010VDS30700	2	187	97.13	6.14
20180808 	0010VDS30800	2	208	68.32	9.84
20180808 	0010VDS30900	2	232	100.53	7.94
20180808 	0010VDS31000	2	213	92.9	7.12
20180808 	0010VDE30500	2	187	117.17	5.46
20180808 	0010VDE30600	2	189	108.42	7.06
20180808 	0010VDE30650	2	0	100	0
20180808 	0010VDE30700	2	233	106.8	7.58
20180808 	0010VDE30800	2	236	81.4	10.78
20180808 	0010VDE30900	2	284	96.4	8.66
20180808 	0010VDE31000	2	249	103.57	7.54
20180808 	0010VDS30500	2	181	106.5	5.83
20180808 	0010VDS30600	2	0	100	0
20180808 	0010VDS30650	2	0	100	0
20180808 	0010VDS30700	2	208	99.67	7
20180808 	0010VDS30800	2	191	71.07	9.04
20180808 	0010VDS30900	2	200	102.67	6.98
20180808 	0010VDS31000	2	213	95.8	7.73
20180808 	0010VDE30500	2	171	119.87	4.67
20180808 	0010VDE30600	2	164	109.75	5.31
20180808 	0010VDE30650	2	0	100	0
20180808 	0010VDE30700	2	212	110.3	6.24
20180808 	0010VDE30800	2	205	86.9	8.49
20180808 	0010VDE30900	2	217	99.83	5.98
20180808 	0010VDE31000	2	206	111.27	5.76
20180808 	0010VDS30500	2	185	103.1	5.85
20180808 	0010VDS30600	2	0	100	0
20180808 	0010VDS30650	2	0	100	0
20180808 	0010VDS30700	2	194	98.13	6.25
20180808 	0010VDS30800	2	214	70.17	10.27
20180808 	0010VDS30900	2	181	102.93	6.29
20180808 	0010VDS31000	2	208	96.73	6.94
20180808 	0010VDE30500	2	162	122.13	4.18
20180808 	0010VDE30600	2	155	111.28	5.18
20180808 	0010VDE30650	2	0	100	0
20180808 	0010VDE30700	2	215	110	6.31
20180808 	0010VDE30800	2	220	85.97	9.35
20180808 	0010VDE30900	2	230	101	6.47
20180808 	0010VDE31000	2	219	109.93	6.37
20180808 	0010VDS30500	2	174	107.8	5.2
20180808 	0010VDS30600	2	0	100	0
20180808 	0010VDS30650	2	0	100	0
20180808 	0010VDS30700	2	186	101.1	6.16
20180808 	0010VDS30800	2	188	71.23	9.38
20180808 	0010VDS30900	2	193	102.6	6.57
20180808 	0010VDS31000	2	188	98.97	6.63
20180809 	0010VDE30500	2	174	111.9	5.55
20180809 	0010VDE30600	2	198	104.31	7.33
20180809 	0010VDE30650	2	0	100	0
20180809 	0010VDE30700	2	215	106.5	6.85
20180809 	0010VDE30800	2	203	82.83	8.77
20180809 	0010VDE30900	2	258	95.7	8.36
20180809 	0010VDE31000	2	220	106.63	6.65
20180809 	0010VDS30500	2	183	102.37	6.26
20180809 	0010VDS30600	2	36	116.21	1.15
20180809 	0010VDS30650	2	1	99.83	0.02
20180809 	0010VDS30700	2	202	94.53	6.95
20180809 	0010VDS30800	2	230	65	11.97
20180809 	0010VDS30900	2	236	95.2	8.43
20180809 	0010VDS31000	2	216	90.73	8.23
20180809 	0010VDE30500	2	167	116.66	4.88
20180809 	0010VDE30600	2	182	109.11	7.05
20180809 	0010VDE30650	2	0	100	0
20180809 	0010VDE30700	2	225	108.01	6.88
20180809 	0010VDE30800	2	223	85.17	9.58
20180809 	0010VDE30900	2	253	96.04	7.71
20180809 	0010VDE31000	2	221	106.79	7.05
20180809 	0010VDS30500	2	200	102.39	6.23
20180809 	0010VDS30600	2	20	101.07	1.76
20180809 	0010VDS30650	2	4	99.19	0.09
20180809 	0010VDS30700	2	213	98.09	7.17
20180809 	0010VDS30800	2	212	68.99	10.46
20180809 	0010VDS30900	2	201	100.73	6.78
20180809 	0010VDS31000	2	192	94.73	6.9
20180809 	0010VDE30500	2	185	116.97	5.01
20180809 	0010VDE30600	2	196	109.5	6.77
20180809 	0010VDE30650	2	0	100	0
20180809 	0010VDE30700	2	229	110.63	6.76
20180809 	0010VDE30800	2	228	83.93	9.93
20180809 	0010VDE30900	2	258	99.2	7.2
20180809 	0010VDE31000	2	234	107.7	7.27
20180809 	0010VDS30500	2	175	106.47	5.32
20180809 	0010VDS30600	2	65	113.23	1.85
20180809 	0010VDS30650	2	1	99.83	0.02
20180809 	0010VDS30700	2	195	99.4	6.03
20180809 	0010VDS30800	2	185	70.33	8.91
20180809 	0010VDS30900	2	180	100.9	5.51
20180809 	0010VDS31000	2	194	94.67	6.18
20180809 	0010VDE30500	2	165	117.8	4.5
20180809 	0010VDE30600	2	160	108.39	6.07
20180809 	0010VDE30650	2	0	100	0
20180809 	0010VDE30700	2	205	112.13	5.73
20180809 	0010VDE30800	2	204	87.03	7.83
20180809 	0010VDE30900	2	216	100.67	5.93
20180809 	0010VDE31000	2	189	110.33	5.37
20180809 	0010VDS30500	2	192	107.17	5.99
20180809 	0010VDS30600	2	19	105.66	0.5
20180809 	0010VDS30650	2	1	100.1	0.02
20180809 	0010VDS30700	2	201	99.8	6.66
20180809 	0010VDS30800	2	206	71.43	10.2
20180809 	0010VDS30900	2	211	103.57	7.16
20180809 	0010VDS31000	2	212	95.73	7.35
20180810 	0010VDE30500	2	179	112.6	5.35
20180810 	0010VDE30600	2	217	102.52	7.89
20180810 	0010VDE30650	2	0	100	0
20180810 	0010VDE30700	2	232	100.1	8.41
20180810 	0010VDE30800	2	232	81.24	10.56
20180810 	0010VDE30900	2	357	90.87	11.92
20180810 	0010VDE31000	2	211	80.97	9.18
20180810 	0010VDS30500	2	179	99.99	5.86
20180810 	0010VDS30600	2	0	100	0
20180810 	0010VDS30650	2	1	99.03	0.03
20180810 	0010VDS30700	2	201	89.2	7.11
20180810 	0010VDS30800	2	205	63.39	10.55
20180810 	0010VDS30900	2	249	91.19	9.77
20180810 	0010VDS31000	2	212	85.5	8.34
20180810 	0010VDE30500	2	156	111.71	4.22
20180810 	0010VDE30600	2	243	100.85	8.92
20180810 	0010VDE30650	2	0	100	0
20180810 	0010VDE30700	2	199	103.04	6.34
20180810 	0010VDE30800	2	212	84.57	9.23
20180810 	0010VDE30900	2	286	95.66	8.78
20180810 	0010VDE31000	2	213	101.62	6.47
20180810 	0010VDS30500	2	196	98.76	6.61
20180810 	0010VDS30600	2	1	100.33	0.03
20180810 	0010VDS30650	2	0	100	0
20180810 	0010VDS30700	2	223	89.43	8.24
20180810 	0010VDS30800	2	231	62.25	13.43
20180810 	0010VDS30900	2	306	92.59	11.24
20180810 	0010VDS31000	2	212	90.19	8.31
20180810 	0010VDE30500	2	190	116.43	5.25
20180810 	0010VDE30600	2	214	106.79	7.16
20180810 	0010VDE30650	2	0	100	0
20180810 	0010VDE30700	2	244	105.93	7.39
20180810 	0010VDE30800	2	231	82.2	10.3
20180810 	0010VDE30900	2	287	95.8	8.61
20180810 	0010VDE31000	2	238	104.13	6.98
20180810 	0010VDS30500	2	189	99.23	6.3
20180810 	0010VDS30600	2	0	100	0
20180810 	0010VDS30650	2	0	100	0
20180810 	0010VDS30700	2	194	94.97	6.75
20180810 	0010VDS30800	2	199	66.57	11.49
20180810 	0010VDS30900	2	228	98.5	8.16
20180810 	0010VDS31000	2	200	90.47	7.29
20180810 	0010VDE30500	2	179	115.04	5.2
20180810 	0010VDE30600	2	174	107.57	5.77
20180810 	0010VDE30650	2	0	100	0
20180810 	0010VDE30700	2	217	112.9	6.41
20180810 	0010VDE30800	2	222	86.04	9.02
20180810 	0010VDE30900	2	273	100.17	7.61
20180810 	0010VDE31000	2	221	107.02	6.31
20180810 	0010VDS30500	2	209	99.98	7.21
20180810 	0010VDS30600	2	0	100	0
20180810 	0010VDS30650	2	0	100	0
20180810 	0010VDS30700	2	212	96.29	7.47
20180810 	0010VDS30800	2	212	67	11.31
20180810 	0010VDS30900	2	239	99.77	8.61
20180810 	0010VDS31000	2	225	92.96	9.08
20180811 	0010VDE30500	2	165	117.83	4.21
20180811 	0010VDE30600	2	216	108.93	7.7
20180811 	0010VDE30650	2	0	100	0
20180811 	0010VDE30700	2	247	104.53	7.74
20180811 	0010VDE30800	2	241	80.63	10.42
20180811 	0010VDE30900	2	321	93.13	10.55
20180811 	0010VDE31000	2	243	97.73	7.68
20180811 	0010VDS30500	2	183	99.57	5.81
20180811 	0010VDS30600	2	80	121.83	2.49
20180811 	0010VDS30650	2	0	100	0
20180811 	0010VDS30700	2	188	93.93	6.18
20180811 	0010VDS30800	2	205	67.33	10.2
20180811 	0010VDS30900	2	237	95.63	8.15
20180811 	0010VDS31000	2	217	90.53	8.12
20180811 	0010VDE30500	2	181	117.5	4.78
20180811 	0010VDE30600	2	198	107.97	6.5
20180811 	0010VDE30650	2	0	100	0
20180811 	0010VDE30700	2	234	105.23	7.17
20180811 	0010VDE30800	2	236	83.17	10.08
20180811 	0010VDE30900	2	299	96.7	8.95
20180811 	0010VDE31000	2	232	103.2	6.95
20180811 	0010VDS30500	2	189	102.7	6.3
20180811 	0010VDS30600	2	83	121.1	2.66
20180811 	0010VDS30650	2	0	100	0
20180811 	0010VDS30700	2	190	98.9	6.38
20180811 	0010VDS30800	2	199	69.9	9.37
20180811 	0010VDS30900	2	213	101.9	7.54
20180811 	0010VDS31000	2	200	94.5	7.04
20180811 	0010VDE30500	2	179	117.97	4.85
20180811 	0010VDE30600	2	174	111.1	6.2
20180811 	0010VDE30650	2	0	100	0
20180811 	0010VDE30700	2	220	108.87	6.49
20180811 	0010VDE30800	2	223	84.53	9.15
20180811 	0010VDE30900	2	276	98.3	7.6
20180811 	0010VDE31000	2	235	105.3	6.41
20180811 	0010VDS30500	2	178	105.47	4.9
20180811 	0010VDS30600	2	86	124.7	2.42
20180811 	0010VDS30650	2	0	100	0
20180811 	0010VDS30700	2	214	96.43	6.84
20180811 	0010VDS30800	2	211	70.1	9.6
20180811 	0010VDS30900	2	216	102.47	7.3
20180811 	0010VDS31000	2	206	96	6.9
20180811 	0010VDE30500	2	175	119.92	4.67
20180811 	0010VDE30600	2	159	113.61	5.27
20180811 	0010VDE30650	2	0	100	0
20180811 	0010VDE30700	2	207	111.1	5.91
20180811 	0010VDE30800	2	209	89.26	7.75
20180811 	0010VDE30900	2	222	102.3	6.16
20180811 	0010VDE31000	2	236	109.56	6.62
20180811 	0010VDS30500	2	190	104.57	5.79
20180811 	0010VDS30600	2	83	124.62	2.47
20180811 	0010VDS30650	2	0	100	0
20180811 	0010VDS30700	2	193	97.26	6.12
20180811 	0010VDS30800	2	207	68.32	10.05
20180811 	0010VDS30900	2	210	102.96	7.09
20180811 	0010VDS31000	2	240	94.23	8.08
20180812 	0010VDE30500	2	171	86.73	11.6
20180812 	0010VDE30600	2	230	80.67	17.73
20180812 	0010VDE30650	2	0	100	0
20180812 	0010VDE30700	2	222	101.27	8.21
20180812 	0010VDE30800	2	239	77.6	11.68
20180812 	0010VDE30900	2	309	92.37	9.99
20180812 	0010VDE31000	2	223	99.5	7.05
20180812 	0010VDS30500	2	227	76.9	18.15
20180812 	0010VDS30600	2	233	83.37	18.44
20180812 	0010VDS30650	2	3	97.83	6.7
20180812 	0010VDS30700	2	191	90.03	6.96
20180812 	0010VDS30800	2	194	67.67	10.71
20180812 	0010VDS30900	2	250	98.8	8.7
20180812 	0010VDS31000	2	204	90.73	7.74
20180812 	0010VDE30500	2	182	85.47	13
20180812 	0010VDE30600	2	219	77.97	19.95
20180812 	0010VDE30650	2	0	100	0
20180812 	0010VDE30700	2	277	86.9	17.77
20180812 	0010VDE30800	2	255	72.27	21.64
20180812 	0010VDE30900	2	302	77.8	14.64
20180812 	0010VDE31000	2	221	92.47	9.19
20180812 	0010VDS30500	2	238	79.2	16.9
20180812 	0010VDS30600	2	165	100.67	9.24
20180812 	0010VDS30650	2	4	97.83	10
20180812 	0010VDS30700	2	204	71.73	16.39
20180812 	0010VDS30800	2	220	58.13	28.4
20180812 	0010VDS30900	2	273	83.34	24.58
20180812 	0010VDS31000	2	223	85.73	12.45
20180812 	0010VDE30500	2	144	100.9	10.63
20180812 	0010VDE30600	2	226	84.6	16.69
20180812 	0010VDE30650	2	0	100	0
20180812 	0010VDE30700	2	260	88.73	16.89
20180812 	0010VDE30800	2	265	64.93	27.49
20180812 	0010VDE30900	2	286	66.77	17.93
20180812 	0010VDE31000	2	279	76.3	21.25
20180812 	0010VDS30500	2	251	90.67	15.09
20180812 	0010VDS30600	2	41	112.77	2.07
20180812 	0010VDS30650	2	6	96.77	13.33
20180812 	0010VDS30700	2	218	72.8	15.41
20180812 	0010VDS30800	2	222	60.33	31.23
20180812 	0010VDS30900	2	219	78.1	24.68
20180812 	0010VDS31000	2	205	72.2	16.45
20180812 	0010VDE30500	2	150	99.56	8.66
20180812 	0010VDE30600	2	194	91.67	12.14
20180812 	0010VDE30650	2	0	100	0
20180812 	0010VDE30700	2	262	107.34	15.72
20180812 	0010VDE30800	2	277	78.98	19.76
20180812 	0010VDE30900	2	305	80.55	18
20180812 	0010VDE31000	2	282	78.63	19.94
20180812 	0010VDS30500	2	234	102.23	12.91
20180812 	0010VDS30600	2	134	104.47	12.83
20180812 	0010VDS30650	2	4	98.37	6.67
20180812 	0010VDS30700	2	185	81.99	15.23
20180812 	0010VDS30800	2	208	84.65	19.96
20180812 	0010VDS30900	2	207	81.3	19.14
20180812 	0010VDS31000	2	195	81.77	17.98
20180813 	0010VDE30500	2	190	114.37	5.4
20180813 	0010VDE30600	2	223	105.12	8.16
20180813 	0010VDE30650	2	0	100	0
20180813 	0010VDE30700	2	223	106.27	7.1
20180813 	0010VDE30800	2	252	83.9	10.77
20180813 	0010VDE30900	2	267	94.23	8.36
20180813 	0010VDE31000	2	224	105.27	6.84
20180813 	0010VDS30500	2	180	102.67	5.71
20180813 	0010VDS30600	2	42	104.73	1.34
20180813 	0010VDS30650	2	0	100	0
20180813 	0010VDS30700	2	207	96.67	7
20180813 	0010VDS30800	2	0	100	0
20180813 	0010VDS30900	2	223	99.83	7.66
20180813 	0010VDS31000	2	220	93.67	7.85
20180813 	0010VDE30500	2	191	117.16	5.5
20180813 	0010VDE30600	2	187	106.14	6.83
20180813 	0010VDE30650	2	0	100	0
20180813 	0010VDE30700	2	215	107.47	6.47
20180813 	0010VDE30800	2	254	82.15	11.32
20180813 	0010VDE30900	2	264	97.37	8.21
20180813 	0010VDE31000	2	216	105.69	6.11
20180813 	0010VDS30500	2	200	104.56	6.69
20180813 	0010VDS30600	2	81	123.95	2.21
20180813 	0010VDS30650	2	0	100	0
20180813 	0010VDS30700	2	208	98.41	6.89
20180813 	0010VDS30800	2	0	100	0
20180813 	0010VDS30900	2	219	99.91	7.73
20180813 	0010VDS31000	2	217	94.68	7.41
20180813 	0010VDE30500	2	180	116.2	5.22
20180813 	0010VDE30600	2	168	108.45	5.78
20180813 	0010VDE30650	2	0	100	0
20180813 	0010VDE30700	2	234	110.93	6.85
20180813 	0010VDE30800	2	242	86.7	10.52
20180813 	0010VDE30900	2	228	97.6	7.48
20180813 	0010VDE31000	2	208	109.3	5.88
20180813 	0010VDS30500	2	165	108.63	4.94
20180813 	0010VDS30600	2	47	104.97	1.49
20180813 	0010VDS30650	2	3	97.17	3.42
20180813 	0010VDS30700	2	188	98.13	6.21
20180813 	0010VDS30800	2	0	100	0
20180813 	0010VDS30900	2	194	106.33	6.27
20180813 	0010VDS31000	2	193	97.07	6.78
20180813 	0010VDE30500	2	151	117.63	4.5
20180813 	0010VDE30600	2	129	109.04	4.61
20180813 	0010VDE30650	2	0	100	0
20180813 	0010VDE30700	2	197	112.87	5.87
20180813 	0010VDE30800	2	195	87.73	7.39
20180813 	0010VDE30900	2	204	102.47	6.14
20180813 	0010VDE31000	2	210	111.67	5.96
20180813 	0010VDS30500	2	167	108.2	5.11
20180813 	0010VDS30600	2	1	100.08	0.03
20180813 	0010VDS30650	2	0	100	0
20180813 	0010VDS30700	2	195	99.8	6.55
20180813 	0010VDS30800	2	0	100	0
20180813 	0010VDS30900	2	189	103.7	6.2
20180813 	0010VDS31000	2	204	95.87	7.54
20180814 	0010VDE30500	2	160	114.59	4.5
20180814 	0010VDE30600	2	193	107.97	7.31
20180814 	0010VDE30650	2	0	100	0
20180814 	0010VDE30700	2	198	106.77	6.72
20180814 	0010VDE30800	2	252	82.29	11.35
20180814 	0010VDE30900	2	284	94.17	9.06
20180814 	0010VDE31000	2	203	101.27	6.28
20180814 	0010VDS30500	2	211	96.03	7.31
20180814 	0010VDS30600	2	258	103.7	8.4
20180814 	0010VDS30650	2	0	100	0
20180814 	0010VDS30700	2	224	88.96	8.31
20180814 	0010VDS30800	2	0	100	0
20180814 	0010VDS30900	2	303	90.59	11.68
20180814 	0010VDS31000	2	252	85.78	9.77
20180814 	0010VDE30500	2	157	115.33	4.53
20180814 	0010VDE30600	2	194	105.37	7.25
20180814 	0010VDE30650	2	0	100	0
20180814 	0010VDE30700	2	213	107.7	6.91
20180814 	0010VDE30800	2	252	81.27	12.32
20180814 	0010VDE30900	2	267	94.77	8.37
20180814 	0010VDE31000	2	217	105.67	6.58
20180814 	0010VDS30500	2	205	101.1	6.99
20180814 	0010VDS30600	2	219	110.3	7.58
20180814 	0010VDS30650	2	0	100	0
20180814 	0010VDS30700	2	222	94.37	7.58
20180814 	0010VDS30800	2	0	100	0
20180814 	0010VDS30900	2	262	97.57	9.65
20180814 	0010VDS31000	2	240	91.2	9.17
20180814 	0010VDE30500	2	157	118.81	4.31
20180814 	0010VDE30600	2	178	108.92	5.56
20180814 	0010VDE30650	2	0	100	0
20180814 	0010VDE30700	2	221	111.52	6.74
20180814 	0010VDE30800	2	249	83.29	10.62
20180814 	0010VDE30900	2	276	97.07	8.61
20180814 	0010VDE31000	2	229	104.77	6.81
20180814 	0010VDS30500	2	189	103.42	5.83
20180814 	0010VDS30600	2	197	114.39	5.93
20180814 	0010VDS30650	2	0	100	0
20180814 	0010VDS30700	2	212	96.66	6.47
20180814 	0010VDS30800	2	0	100	0
20180814 	0010VDS30900	2	220	98.29	7.37
20180814 	0010VDS31000	2	220	93.25	7.47
20180814 	0010VDE30500	2	186	118.9	5.03
20180814 	0010VDE30600	2	184	108.65	6.11
20180814 	0010VDE30650	2	0	100	0
20180814 	0010VDE30700	2	228	109.6	6.75
20180814 	0010VDE30800	2	251	87.19	10.54
20180814 	0010VDE30900	2	267	99.49	8.26
20180814 	0010VDE31000	2	236	106.08	6.85
20180814 	0010VDS30500	2	195	103.95	6.05
20180814 	0010VDS30600	2	132	124.15	3.86
20180814 	0010VDS30650	2	0	100	0
20180814 	0010VDS30700	2	212	95.48	7.71
20180814 	0010VDS30800	2	0	100	0
20180814 	0010VDS30900	2	213	100.7	7.5
20180814 	0010VDS31000	2	206	95.44	7.47
20180815 	0010VDE30500	2	182	115.59	5.53
20180815 	0010VDE30600	2	198	109.26	7.21
20180815 	0010VDE30650	2	1	99.22	3.7
20180815 	0010VDE30700	2	227	107.76	6.95
20180815 	0010VDE30800	2	255	85.02	11.45
20180815 	0010VDE30900	2	278	95.77	7.97
20180815 	0010VDE31000	2	234	101.53	7.38
20180815 	0010VDS30500	2	188	104.68	5.81
20180815 	0010VDS30600	2	199	112.42	6.24
20180815 	0010VDS30650	2	0	100	0
20180815 	0010VDS30700	2	219	95.3	7.14
20180815 	0010VDS30800	2	0	100	0
20180815 	0010VDS30900	2	232	102.25	7.57
20180815 	0010VDS31000	2	213	94.58	7.45
20180815 	0010VDE30500	2	187	117.67	5.8
20180815 	0010VDE30600	2	191	109.67	6.81
20180815 	0010VDE30650	2	0	100	0
20180815 	0010VDE30700	2	239	109.1	7.51
20180815 	0010VDE30800	2	246	85.3	10.21
20180815 	0010VDE30900	2	269	97.73	8.02
20180815 	0010VDE31000	2	241	104.6	7.48
20180815 	0010VDS30500	2	194	107.3	5.78
20180815 	0010VDS30600	2	179	116.77	5.52
20180815 	0010VDS30650	2	0	100	0
20180815 	0010VDS30700	2	190	101.2	6.64
20180815 	0010VDS30800	2	0	100	0
20180815 	0010VDS30900	2	210	106.67	6.71
20180815 	0010VDS31000	2	213	98.13	7.49
20180815 	0010VDE30500	2	156	119.97	4.13
20180815 	0010VDE30600	2	152	113.7	5.07
20180815 	0010VDE30650	2	0	100	0
20180815 	0010VDE30700	2	227	113.1	6.46
20180815 	0010VDE30800	2	219	86.9	8.88
20180815 	0010VDE30900	2	238	101.57	6.84
20180815 	0010VDE31000	2	226	109.03	6.36
20180815 	0010VDS30500	2	185	107.97	5.4
20180815 	0010VDS30600	2	165	116.33	4.73
20180815 	0010VDS30650	2	0	100	0
20180815 	0010VDS30700	2	188	101.93	5.96
20180815 	0010VDS30800	2	0	100	0
20180815 	0010VDS30900	2	189	104.43	6.65
20180815 	0010VDS31000	2	195	97.7	6.58
20180815 	0010VDE30500	2	155	119.43	4.38
20180815 	0010VDE30600	2	142	110.87	4.79
20180815 	0010VDE30650	2	0	100	0
20180815 	0010VDE30700	2	207	112.1	5.99
20180815 	0010VDE30800	2	208	87.77	8.19
20180815 	0010VDE30900	2	209	102.97	5.77
20180815 	0010VDE31000	2	204	109.6	5.97
20180815 	0010VDS30500	2	162	108.43	4.64
20180815 	0010VDS30600	2	164	115.67	4.45
20180815 	0010VDS30650	2	0	100	0
20180815 	0010VDS30700	2	178	100.67	5.45
20180815 	0010VDS30800	2	0	100	0
20180815 	0010VDS30900	2	179	106.3	5.57
20180815 	0010VDS31000	2	180	97.37	5.97
20180816 	0010VDE30500	2	186	116.83	5.51
20180816 	0010VDE30600	2	195	106.41	7.18
20180816 	0010VDE30650	2	0	100	0
20180816 	0010VDE30700	2	224	107.4	7.38
20180816 	0010VDE30800	2	213	83.8	9.93
20180816 	0010VDE30900	2	263	97.7	8.17
20180816 	0010VDE31000	2	198	102.1	6.31
20180816 	0010VDS30500	2	180	99.87	5.99
20180816 	0010VDS30600	2	0	100	0
20180816 	0010VDS30650	2	0	100	0
20180816 	0010VDS30700	2	209	95.1	7.11
20180816 	0010VDS30800	2	222	71.53	10.38
20180816 	0010VDS30900	2	234	98.33	8.09
20180816 	0010VDS31000	2	225	92.43	8.1
20180816 	0010VDE30500	2	178	118.13	5.55
20180816 	0010VDE30600	2	186	106.77	6.77
20180816 	0010VDE30650	2	0	100	0
20180816 	0010VDE30700	2	219	108.43	6.94
20180816 	0010VDE30800	2	213	82.43	9.73
20180816 	0010VDE30900	2	257	98.43	7.89
20180816 	0010VDE31000	2	193	100.7	6.01
20180816 	0010VDS30500	2	210	101.9	6.84
20180816 	0010VDS30600	2	0	100	0
20180816 	0010VDS30650	2	0	100	0
20180816 	0010VDS30700	2	217	94.93	7.69
20180816 	0010VDS30800	2	227	73.53	11.28
20180816 	0010VDS30900	2	227	99.87	7.89
20180816 	0010VDS31000	2	221	95.87	7.54
20180816 	0010VDE30500	2	164	117.67	4.87
20180816 	0010VDE30600	2	159	108.68	5.93
20180816 	0010VDE30650	2	0	100	0
20180816 	0010VDE30700	2	229	108.2	7.04
20180816 	0010VDE30800	2	212	86.47	9.41
20180816 	0010VDE30900	2	249	102.13	6.67
20180816 	0010VDE31000	2	218	101.53	6.53
20180816 	0010VDS30500	2	199	104.4	5.96
20180816 	0010VDS30600	2	0	100	0
20180816 	0010VDS30650	2	0	100	0
20180816 	0010VDS30700	2	187	102.1	5.55
20180816 	0010VDS30800	2	202	77.17	8.56
20180816 	0010VDS30900	2	213	106.77	6.29
20180816 	0010VDS31000	2	201	98.17	6.97
20180816 	0010VDE30500	2	168	125.4	4.55
20180816 	0010VDE30600	2	133	109.23	4.45
20180816 	0010VDE30650	2	0	100	0
20180816 	0010VDE30700	2	217	113.55	6.6
20180816 	0010VDE30800	2	213	90.37	9.18
20180816 	0010VDE30900	2	214	103.15	5.74
20180816 	0010VDE31000	2	180	109.32	5.34
20180816 	0010VDS30500	2	192	106.32	6.15
20180816 	0010VDS30600	2	0	100	0
20180816 	0010VDS30650	2	0	100	0
20180816 	0010VDS30700	2	189	99.14	6.24
20180816 	0010VDS30800	2	202	76.34	8.99
20180816 	0010VDS30900	2	183	105.01	6.36
20180816 	0010VDS31000	2	205	95	7.31
20180817 	0010VDE30500	2	188	111.03	5.5
20180817 	0010VDE30600	2	225	103.6	8.58
20180817 	0010VDE30650	2	0	100	0
20180817 	0010VDE30700	2	237	103.1	8.06
20180817 	0010VDE30800	2	229	81.23	10.55
20180817 	0010VDE30900	2	347	92.77	11.02
20180817 	0010VDE31000	2	223	98.93	6.98
20180817 	0010VDS30500	2	187	97.83	6.08
20180817 	0010VDS30600	2	197	101.13	8.61
20180817 	0010VDS30650	2	0	100	0
20180817 	0010VDS30700	2	193	93.13	6.99
20180817 	0010VDS30800	2	205	69.37	9.89
20180817 	0010VDS30900	2	255	95.17	9.58
20180817 	0010VDS31000	2	209	87.97	7.97
20180817 	0010VDE30500	2	165	116.7	4.78
20180817 	0010VDE30600	2	209	108	7.52
20180817 	0010VDE30650	2	0	100	0
20180817 	0010VDE30700	2	232	106.3	7.73
20180817 	0010VDE30800	2	231	84.13	10.99
20180817 	0010VDE30900	2	297	96.57	8.99
20180817 	0010VDE31000	2	234	104.17	7.19
20180817 	0010VDS30500	2	201	99.4	7.19
20180817 	0010VDS30600	2	230	107.63	8.05
20180817 	0010VDS30650	2	0	100	0
20180817 	0010VDS30700	2	205	94.6	7.49
20180817 	0010VDS30800	2	220	73.37	10.94
20180817 	0010VDS30900	2	267	98.6	9.41
20180817 	0010VDS31000	2	227	92.7	8.5
20180817 	0010VDE30500	2	172	117.6	4.73
20180817 	0010VDE30600	2	201	107.73	6.93
20180817 	0010VDE30650	2	0	100	0
20180817 	0010VDE30700	2	219	110.6	6.81
20180817 	0010VDE30800	2	210	84.37	9.79
20180817 	0010VDE30900	2	278	100.57	7.68
20180817 	0010VDE31000	2	236	105.63	6.99
20180817 	0010VDS30500	2	198	102.67	6.64
20180817 	0010VDS30600	2	214	108.3	6.88
20180817 	0010VDS30650	2	0	100	0
20180817 	0010VDS30700	2	211	93.8	7.06
20180817 	0010VDS30800	2	235	72.87	11.45
20180817 	0010VDS30900	2	246	101.37	7.94
20180817 	0010VDS31000	2	215	94.43	7.46
20180817 	0010VDE30500	2	183	118.92	4.69
20180817 	0010VDE30600	2	195	111.59	6.92
20180817 	0010VDE30650	2	0	100	0
20180817 	0010VDE30700	2	227	112.33	6.27
20180817 	0010VDE30800	2	215	87.28	9.02
20180817 	0010VDE30900	2	252	100.6	7.31
20180817 	0010VDE31000	2	224	106.51	6.33
20180817 	0010VDS30500	2	193	102.53	6.48
20180817 	0010VDS30600	2	194	109.93	6.45
20180817 	0010VDS30650	2	0	100	0
20180817 	0010VDS30700	2	209	97.52	6.86
20180817 	0010VDS30800	2	220	73.5	10.12
20180817 	0010VDS30900	2	209	104.24	7.07
20180817 	0010VDS31000	2	211	95.21	7.46
20180818 	0010VDE30500	2	161	113.33	4.64
20180818 	0010VDE30600	2	211	109.1	7.43
20180818 	0010VDE30650	2	0	100	0
20180818 	0010VDE30700	2	229	106.63	7.21
20180818 	0010VDE30800	2	228	80.67	10.56
20180818 	0010VDE30900	2	312	95.53	9.32
20180818 	0010VDE31000	2	222	103.67	6.61
20180818 	0010VDS30500	2	179	94.63	6.1
20180818 	0010VDS30600	2	127	102.9	9.29
20180818 	0010VDS30650	2	0	100	0
20180818 	0010VDS30700	2	188	94.23	6.38
20180818 	0010VDS30800	2	191	70.33	8.8
20180818 	0010VDS30900	2	239	97.07	8.35
20180818 	0010VDS31000	2	215	93.6	7.58
20180818 	0010VDE30500	2	174	115.3	4.8
20180818 	0010VDE30600	2	200	109.83	6.82
20180818 	0010VDE30650	2	0	100	0
20180818 	0010VDE30700	2	236	107.97	7.43
20180818 	0010VDE30800	2	247	83.43	11.13
20180818 	0010VDE30900	2	304	96.4	8.73
20180818 	0010VDE31000	2	236	100.67	7.5
20180818 	0010VDS30500	2	187	99.67	5.99
20180818 	0010VDS30600	2	159	97.3	12.88
20180818 	0010VDS30650	2	0	100	0
20180818 	0010VDS30700	2	189	96.23	6.17
20180818 	0010VDS30800	2	184	72.93	9.18
20180818 	0010VDS30900	2	225	101	7.2
20180818 	0010VDS31000	2	201	92.8	7.74
20180818 	0010VDE30500	2	190	120.46	5.1
20180818 	0010VDE30600	2	198	111.65	6.97
20180818 	0010VDE30650	2	0	100	0
20180818 	0010VDE30700	2	229	108.88	6.75
20180818 	0010VDE30800	2	228	84.96	9.23
20180818 	0010VDE30900	2	288	98.82	7.84
20180818 	0010VDE31000	2	241	109.8	7.03
20180818 	0010VDS30500	2	188	103.29	5.6
20180818 	0010VDS30600	2	191	103.42	12.04
20180818 	0010VDS30650	2	0	100	0
20180818 	0010VDS30700	2	181	97.12	6.2
20180818 	0010VDS30800	2	207	73.76	9.55
20180818 	0010VDS30900	2	203	103.52	6.48
20180818 	0010VDS31000	2	194	97.14	6.51
20180818 	0010VDE30500	2	183	118.53	5.02
20180818 	0010VDE30600	2	187	110.43	6.7
20180818 	0010VDE30650	2	0	100	0
20180818 	0010VDE30700	2	213	112.23	6.28
20180818 	0010VDE30800	2	221	88.17	8.75
20180818 	0010VDE30900	2	244	101.9	6.54
20180818 	0010VDE31000	2	223	110.67	6.32
20180818 	0010VDS30500	2	177	103.2	5.66
20180818 	0010VDS30600	2	188	104.37	11.93
20180818 	0010VDS30650	2	0	100	0
20180818 	0010VDS30700	2	195	97.77	6.95
20180818 	0010VDS30800	2	203	71.8	10.08
20180818 	0010VDS30900	2	209	102.57	7.31
20180818 	0010VDS31000	2	204	97.8	7.3
20180819 	0010VDE30500	2	169	118.99	5.02
20180819 	0010VDE30600	2	211	107.54	7.63
20180819 	0010VDE30650	2	0	100	0
20180819 	0010VDE30700	2	218	105.5	6.85
20180819 	0010VDE30800	2	229	80.06	10.39
20180819 	0010VDE30900	2	321	93.63	9.93
20180819 	0010VDE31000	2	245	98.8	7.71
20180819 	0010VDS30500	2	187	101.85	6.04
20180819 	0010VDS30600	2	161	103.92	8.91
20180819 	0010VDS30650	2	0	100	0
20180819 	0010VDS30700	2	183	97.25	5.76
20180819 	0010VDS30800	2	196	74.07	9.93
20180819 	0010VDS30900	2	238	101.16	7.99
20180819 	0010VDS31000	2	185	92.99	6.72
20180819 	0010VDE30500	2	175	115.1	5.17
20180819 	0010VDE30600	2	223	107.8	7.64
20180819 	0010VDE30650	2	0	100	0
20180819 	0010VDE30700	2	233	111.53	6.86
20180819 	0010VDE30800	2	228	83.63	10.03
20180819 	0010VDE30900	2	294	97.8	8.37
20180819 	0010VDE31000	2	232	104.13	6.9
20180819 	0010VDS30500	2	182	102.07	5.49
20180819 	0010VDS30600	2	217	102.13	12.99
20180819 	0010VDS30650	2	0	100	0
20180819 	0010VDS30700	2	178	96.07	5.76
20180819 	0010VDS30800	2	198	71.43	10.57
20180819 	0010VDS30900	2	233	103.7	8.17
20180819 	0010VDS31000	2	212	93.07	7.7
20180819 	0010VDE30500	2	165	118.57	4.63
20180819 	0010VDE30600	2	188	111.27	6.53
20180819 	0010VDE30650	2	0	100	0
20180819 	0010VDE30700	2	241	110.9	7.18
20180819 	0010VDE30800	2	217	83.4	9.64
20180819 	0010VDE30900	2	260	98.57	7.5
20180819 	0010VDE31000	2	237	103.43	7.17
20180819 	0010VDS30500	2	190	105.23	5.65
20180819 	0010VDS30600	2	168	100.7	14.49
20180819 	0010VDS30650	2	0	100	0
20180819 	0010VDS30700	2	192	97.33	6.28
20180819 	0010VDS30800	2	209	72.6	9.97
20180819 	0010VDS30900	2	199	102.73	6.16
20180819 	0010VDS31000	2	191	96.2	6.25
20180819 	0010VDE30500	2	163	119.77	4.45
20180819 	0010VDE30600	2	162	112.23	5.48
20180819 	0010VDE30650	2	0	100	0
20180819 	0010VDE30700	2	206	112.9	5.79
20180819 	0010VDE30800	2	200	87.63	8.33
20180819 	0010VDE30900	2	216	102.3	6.06
20180819 	0010VDE31000	2	202	113.23	5.66
20180819 	0010VDS30500	2	181	105.37	5.53
20180819 	0010VDS30600	2	136	104	9.06
20180819 	0010VDS30650	2	0	100	0
20180819 	0010VDS30700	2	177	100.77	5.36
20180819 	0010VDS30800	2	190	76.93	8.96
20180819 	0010VDS30900	2	194	106.8	5.94
20180819 	0010VDS31000	2	195	98	6.82
20180820 	0010VDE30500	2	174	119.27	5.09
20180820 	0010VDE30600	2	168	111.47	5.96
20180820 	0010VDE30650	2	0	100	0
20180820 	0010VDE30700	2	217	109.73	6.53
20180820 	0010VDE30800	2	207	84.97	8.67
20180820 	0010VDE30900	2	243	101.5	6.51
20180820 	0010VDE31000	2	223	107.8	6.88
20180820 	0010VDS30500	2	186	102.93	6.15
20180820 	0010VDS30600	2	190	104.6	16.95
20180820 	0010VDS30650	2	0	100	0
20180820 	0010VDS30700	2	185	97.6	5.82
20180820 	0010VDS30800	2	202	73.07	10.25
20180820 	0010VDS30900	2	187	101.7	6.17
20180820 	0010VDS31000	2	183	95.77	6.38
20180820 	0010VDE30500	2	182	118.63	5.31
20180820 	0010VDE30600	2	174	109.18	6.38
20180820 	0010VDE30650	2	0	100	0
20180820 	0010VDE30700	2	226	111.58	6.64
20180820 	0010VDE30800	2	197	86.04	8.09
20180820 	0010VDE30900	2	234	101.98	5.99
20180820 	0010VDE31000	2	214	107.29	6.4
20180820 	0010VDS30500	2	193	106.42	6.09
20180820 	0010VDS30600	2	129	101.58	12.21
20180820 	0010VDS30650	2	0	100	0
20180820 	0010VDS30700	2	190	96.94	6.34
20180820 	0010VDS30800	2	192	71.71	9.06
20180820 	0010VDS30900	2	209	101.2	6.97
20180820 	0010VDS31000	2	209	96.29	7.55
20180820 	0010VDE30500	2	159	118.36	4.54
20180820 	0010VDE30600	2	150	113.81	5.04
20180820 	0010VDE30650	2	0	100	0
20180820 	0010VDE30700	2	215	113.51	6.6
20180820 	0010VDE30800	2	211	87.04	8.88
20180820 	0010VDE30900	2	228	105.31	5.64
20180820 	0010VDE31000	2	210	111.45	6
20180820 	0010VDS30500	2	167	105.23	5.28
20180820 	0010VDS30600	2	117	95.6	13.14
20180820 	0010VDS30650	2	0	100	0
20180820 	0010VDS30700	2	175	100.36	5.4
20180820 	0010VDS30800	2	176	70.74	9.04
20180820 	0010VDS30900	2	166	105.32	5.38
20180820 	0010VDS31000	2	188	97.96	6.26
20180820 	0010VDE30500	2	153	122.73	4
20180820 	0010VDE30600	2	141	114	4.33
20180820 	0010VDE30650	2	0	100	0
20180820 	0010VDE30700	2	209	116.23	6.24
20180820 	0010VDE30800	2	182	90.2	7.47
20180820 	0010VDE30900	2	209	106.2	4.99
20180820 	0010VDE31000	2	179	115.37	4.84
20180820 	0010VDS30500	2	162	106.37	5.24
20180820 	0010VDS30600	2	142	97.97	16.45
20180820 	0010VDS30650	2	0	100	0
20180820 	0010VDS30700	2	172	101.5	5.46
20180820 	0010VDS30800	2	177	74.37	8.37
20180820 	0010VDS30900	2	179	104.27	6.11
20180820 	0010VDS31000	2	184	96.67	6.48
20180821 	0010VDE30500	2	178	117.37	4.86
20180821 	0010VDE30600	2	195	109.33	6.86
20180821 	0010VDE30650	2	0	100	0
20180821 	0010VDE30700	2	240	104.37	7.88
20180821 	0010VDE30800	2	236	82.97	10.16
20180821 	0010VDE30900	2	275	97.53	8.24
20180821 	0010VDE31000	2	220	109.2	6.47
20180821 	0010VDS30500	2	198	104.73	5.92
20180821 	0010VDS30600	2	186	102.07	13.09
20180821 	0010VDS30650	2	0	100	0
20180821 	0010VDS30700	2	1	98.03	0.18
20180821 	0010VDS30800	2	38	47.37	10.11
20180821 	0010VDS30900	2	214	96.9	7.25
20180821 	0010VDS31000	2	202	91.93	6.58
20180821 	0010VDE30500	2	171	112.3	5.06
20180821 	0010VDE30600	2	177	109.69	6.75
20180821 	0010VDE30650	2	0	100	0
20180821 	0010VDE30700	2	232	107.01	6.9
20180821 	0010VDE30800	2	210	86.41	8.33
20180821 	0010VDE30900	2	237	97.63	7.05
20180821 	0010VDE31000	2	216	106.83	6.35
20180821 	0010VDS30500	2	191	105.48	6.03
20180821 	0010VDS30600	2	170	107.91	10.94
20180821 	0010VDS30650	2	0	100	0
20180821 	0010VDS30700	2	0	100	0
20180821 	0010VDS30800	2	33	58.91	8.84
20180821 	0010VDS30900	2	194	99.58	6.61
20180821 	0010VDS31000	2	223	96.1	8.1
20180821 	0010VDE30500	2	165	119.16	4.46
20180821 	0010VDE30600	2	153	111.57	5.57
20180821 	0010VDE30650	2	0	100	0
20180821 	0010VDE30700	2	210	111.13	6.12
20180821 	0010VDE30800	2	203	86.3	8.7
20180821 	0010VDE30900	2	230	101.6	6.86
20180821 	0010VDE31000	2	214	110.93	6.08
20180821 	0010VDS30500	2	194	107.93	5.68
20180821 	0010VDS30600	2	204	108.2	13.52
20180821 	0010VDS30650	2	0	100	0
20180821 	0010VDS30700	2	3	95.93	1.12
20180821 	0010VDS30800	2	44	62.4	3.87
20180821 	0010VDS30900	2	202	100.57	6.58
20180821 	0010VDS31000	2	204	95.8	6.71
20180821 	0010VDE30500	2	154	121.33	4.19
20180821 	0010VDE30600	2	151	114.8	5.02
20180821 	0010VDE30650	2	0	100	0
20180821 	0010VDE30700	2	212	109.7	5.84
20180821 	0010VDE30800	2	189	85.6	7.28
20180821 	0010VDE30900	2	201	99.57	5.92
20180821 	0010VDE31000	2	184	112.37	5.14
20180821 	0010VDS30500	2	194	107.2	6.17
20180821 	0010VDS30600	2	151	108.57	13.34
20180821 	0010VDS30650	2	0	100	0
20180821 	0010VDS30700	2	0	100	0
20180821 	0010VDS30800	2	44	51.77	5.55
20180821 	0010VDS30900	2	182	106.57	6.35
20180821 	0010VDS31000	2	198	98.27	6.5
20180822 	0010VDE30500	2	172	116	4.83
20180822 	0010VDE30600	2	186	109.59	6.99
20180822 	0010VDE30650	2	0	100	0
20180822 	0010VDE30700	2	227	106.72	7.4
20180822 	0010VDE30800	2	230	83.16	9.86
20180822 	0010VDE30900	2	282	95.25	8.33
20180822 	0010VDE31000	2	230	100.74	7.35
20180822 	0010VDS30500	2	222	101.31	7
20180822 	0010VDS30600	2	235	105.32	14.69
20180822 	0010VDS30650	2	0	100	0
20180822 	0010VDS30700	2	213	96.42	7.41
20180822 	0010VDS30800	2	221	70.53	10.69
20180822 	0010VDS30900	2	240	100.77	7.91
20180822 	0010VDS31000	2	224	91.39	7.96
20180822 	0010VDE30500	2	181	114.23	5.03
20180822 	0010VDE30600	2	184	110.27	6.8
20180822 	0010VDE30650	2	0	100	0
20180822 	0010VDE30700	2	220	108.63	6.95
20180822 	0010VDE30800	2	221	87.6	9.28
20180822 	0010VDE30900	2	265	99.23	7.94
20180822 	0010VDE31000	2	233	106.8	7.05
20180822 	0010VDS30500	2	195	103.93	6.22
20180822 	0010VDS30600	2	191	110.53	7.54
20180822 	0010VDS30650	2	0	100	0
20180822 	0010VDS30700	2	206	98.17	6.75
20180822 	0010VDS30800	2	226	72.8	11.82
20180822 	0010VDS30900	2	242	103.4	8.33
20180822 	0010VDS31000	2	211	93.67	7.42
20180822 	0010VDE30500	2	173	118.43	4.61
20180822 	0010VDE30600	2	172	112.5	5.52
20180822 	0010VDE30650	2	0	100	0
20180822 	0010VDE30700	2	206	112.4	5.93
20180822 	0010VDE30800	2	212	88.83	8.59
20180822 	0010VDE30900	2	246	101.17	7.05
20180822 	0010VDE31000	2	212	112.7	5.68
20180822 	0010VDS30500	2	203	106.4	6.3
20180822 	0010VDS30600	2	206	108.93	10.31
20180822 	0010VDS30650	2	0	100	0
20180822 	0010VDS30700	2	228	95.73	7.23
20180822 	0010VDS30800	2	232	71.57	11.83
20180822 	0010VDS30900	2	222	101.8	7.6
20180822 	0010VDS31000	2	218	94.6	7.59
20180822 	0010VDE30500	2	169	115.7	4.82
20180822 	0010VDE30600	2	164	110.87	5.44
20180822 	0010VDE30650	2	0	100	0
20180822 	0010VDE30700	2	207	112.23	6.18
20180822 	0010VDE30800	2	195	87.83	7.95
20180822 	0010VDE30900	2	218	105.03	5.8
20180822 	0010VDE31000	2	182	112.2	4.9
20180822 	0010VDS30500	2	200	107.7	6.18
20180822 	0010VDS30600	2	192	104.73	14.25
20180822 	0010VDS30650	2	0	100	0
20180822 	0010VDS30700	2	219	97.03	7.24
20180822 	0010VDS30800	2	217	72.43	10.7
20180822 	0010VDS30900	2	213	105.43	7
20180822 	0010VDS31000	2	202	96.2	7.14
20180823 	0010VDE30500	2	131	111.91	6.19
20180823 	0010VDE30600	2	130	105.39	7.37
20180823 	0010VDE30650	2	0	100	0
20180823 	0010VDE30700	2	212	114.08	9.1
20180823 	0010VDE30800	2	217	87.17	12.32
20180823 	0010VDE30900	2	185	98.33	7.37
20180823 	0010VDE31000	2	209	105.92	9.72
20180823 	0010VDS30500	2	188	98.68	7.35
20180823 	0010VDS30600	2	151	101.08	15.07
20180823 	0010VDS30650	2	0	100	0
20180823 	0010VDS30700	2	130	84.76	10.38
20180823 	0010VDS30800	2	205	85.48	12.81
20180823 	0010VDS30900	2	160	92.64	11.02
20180823 	0010VDS31000	2	166	86.75	13.25
20180823 	0010VDE30500	2	129	115.13	4.56
20180823 	0010VDE30600	2	107	112.57	3.8
20180823 	0010VDE30650	2	0	100	0
20180823 	0010VDE30700	2	225	113.3	8.96
20180823 	0010VDE30800	2	214	84.87	11.15
20180823 	0010VDE30900	2	185	102.47	7.55
20180823 	0010VDE31000	2	190	111.1	8.3
20180823 	0010VDS30500	2	186	102.87	7.41
20180823 	0010VDS30600	2	167	104.5	19.1
20180823 	0010VDS30650	2	0	100	0
20180823 	0010VDS30700	2	166	91.3	14.39
20180823 	0010VDS30800	2	213	77.27	11.84
20180823 	0010VDS30900	2	185	102	11.31
20180823 	0010VDS31000	2	190	102.13	12.74
20180823 	0010VDE30500	2	112	107.43	4.84
20180823 	0010VDE30600	2	112	113.9	3.76
20180823 	0010VDE30650	2	0	100	0
20180823 	0010VDE30700	2	184	117.3	6.6
20180823 	0010VDE30800	2	183	91.5	9.14
20180823 	0010VDE30900	2	165	102.23	6.08
20180823 	0010VDE31000	2	191	109.97	7.8
20180823 	0010VDS30500	2	159	110.43	5.41
20180823 	0010VDS30600	2	153	93.53	18.93
20180823 	0010VDS30650	2	0	100	0
20180823 	0010VDS30700	2	167	94.1	8.61
20180823 	0010VDS30800	2	188	64.77	19.74
20180823 	0010VDS30900	2	154	103.47	8.4
20180823 	0010VDS31000	2	129	95.2	9.56
20180823 	0010VDE30500	2	114	116.24	4.36
20180823 	0010VDE30600	2	101	107.9	3.92
20180823 	0010VDE30650	2	0	100	0
20180823 	0010VDE30700	2	198	111.42	7.86
20180823 	0010VDE30800	2	188	92.55	9.32
20180823 	0010VDE30900	2	168	97.9	6.12
20180823 	0010VDE31000	2	180	103.23	7.96
20180823 	0010VDS30500	2	153	110.42	4.98
20180823 	0010VDS30600	2	146	105.19	13.64
20180823 	0010VDS30650	2	0	100	0
20180823 	0010VDS30700	2	161	93.12	9.17
20180823 	0010VDS30800	2	169	78.9	11.88
20180823 	0010VDS30900	2	170	98.49	10.83
20180823 	0010VDS31000	2	158	92.16	7.75
20180824 	0010VDE30500	2	206	112.77	5.79
20180824 	0010VDE30600	2	208	104.97	7.57
20180824 	0010VDE30650	2	0	100	0
20180824 	0010VDE30700	2	228	102.1	7.5
20180824 	0010VDE30800	2	233	84.07	10.56
20180824 	0010VDE30900	2	291	98.93	7.99
20180824 	0010VDE31000	2	232	105.47	6.97
20180824 	0010VDS30500	2	178	103.6	5.65
20180824 	0010VDS30600	2	216	103.4	13.84
20180824 	0010VDS30650	2	0	100	0
20180824 	0010VDS30700	2	205	98.17	6.64
20180824 	0010VDS30800	2	195	70.77	8.65
20180824 	0010VDS30900	2	232	100.97	7.53
20180824 	0010VDS31000	2	220	93.83	7.49
20180824 	0010VDE30500	2	171	117.83	4.92
20180824 	0010VDE30600	2	159	112.06	5.21
20180824 	0010VDE30650	2	0	100	0
20180824 	0010VDE30700	2	220	108.15	6.73
20180824 	0010VDE30800	2	223	86.06	9.29
20180824 	0010VDE30900	2	277	99.57	8.24
20180824 	0010VDE31000	2	236	105.36	7.19
20180824 	0010VDS30500	2	181	103.42	5.78
20180824 	0010VDS30600	2	210	99.36	17.13
20180824 	0010VDS30650	2	0	100	0
20180824 	0010VDS30700	2	206	96.48	7.03
20180824 	0010VDS30800	2	199	73.75	10.03
20180824 	0010VDS30900	2	209	100.57	7.9
20180824 	0010VDS31000	2	213	94.69	7.77
20180824 	0010VDE30500	2	168	117.7	4.64
20180824 	0010VDE30600	2	172	113.3	5.97
20180824 	0010VDE30650	2	0	100	0
20180824 	0010VDE30700	2	239	111.57	7.22
20180824 	0010VDE30800	2	211	87.83	8.03
20180824 	0010VDE30900	2	253	103.3	6.43
20180824 	0010VDE31000	2	216	107.63	6.19
20180824 	0010VDS30500	2	202	105.33	6.56
20180824 	0010VDS30600	2	226	103.03	18.65
20180824 	0010VDS30650	2	0	100	0
20180824 	0010VDS30700	2	197	98.73	6.04
20180824 	0010VDS30800	2	196	72.97	8.31
20180824 	0010VDS30900	2	185	102.57	6.19
20180824 	0010VDS31000	2	199	95.9	6.68
20180824 	0010VDE30500	2	146	120.9	3.94
20180824 	0010VDE30600	2	149	112.07	5.13
20180824 	0010VDE30650	2	0	100	0
20180824 	0010VDE30700	2	210	113.63	5.64
20180824 	0010VDE30800	2	200	89.1	7.27
20180824 	0010VDE30900	2	220	105.23	6
20180824 	0010VDE31000	2	206	114.8	5.49
20180824 	0010VDS30500	2	190	108.33	5.91
20180824 	0010VDS30600	2	199	107.77	14
20180824 	0010VDS30650	2	0	100	0
20180824 	0010VDS30700	2	185	100.8	5.68
20180824 	0010VDS30800	2	194	74.73	8.32
20180824 	0010VDS30900	2	192	106.23	6.38
20180824 	0010VDS31000	2	205	99.87	6.75
20180825 	0010VDE30500	2	164	114.6	4.46
20180825 	0010VDE30600	2	210	109.13	7.57
20180825 	0010VDE30650	2	0	100	0
20180825 	0010VDE30700	2	210	104	6.46
20180825 	0010VDE30800	2	207	82.63	8.6
20180825 	0010VDE30900	2	321	95.33	10.17
20180825 	0010VDE31000	2	235	94	8.01
20180825 	0010VDS30500	2	189	98.37	6.16
20180825 	0010VDS30600	2	201	100.87	8.96
20180825 	0010VDS30650	2	0	100	0
20180825 	0010VDS30700	2	206	93.73	6.79
20180825 	0010VDS30800	2	206	69.97	10.45
20180825 	0010VDS30900	2	260	94.83	9.76
20180825 	0010VDS31000	2	205	91.73	7.28
20180825 	0010VDE30500	2	169	113.27	4.64
20180825 	0010VDE30600	2	203	106.93	7.69
20180825 	0010VDE30650	2	0	100	0
20180825 	0010VDE30700	2	235	105.73	7.52
20180825 	0010VDE30800	2	208	84.23	8.49
20180825 	0010VDE30900	2	297	99.5	8.66
20180825 	0010VDE31000	2	226	101.47	6.78
20180825 	0010VDS30500	2	188	99.4	5.71
20180825 	0010VDS30600	2	155	106.83	8.6
20180825 	0010VDS30650	2	0	100	0
20180825 	0010VDS30700	2	209	93.93	7.42
20180825 	0010VDS30800	2	213	71.03	10.22
20180825 	0010VDS30900	2	239	97.73	9.25
20180825 	0010VDS31000	2	241	92.1	9.11
20180825 	0010VDE30500	2	151	118.83	3.89
20180825 	0010VDE30600	2	176	110.33	5.88
20180825 	0010VDE30650	2	0	100	0
20180825 	0010VDE30700	2	216	107.53	6.29
20180825 	0010VDE30800	2	200	86.37	7.84
20180825 	0010VDE30900	2	277	100.7	7.86
20180825 	0010VDE31000	2	211	106.43	6.32
20180825 	0010VDS30500	2	201	102.07	6.33
20180825 	0010VDS30600	2	215	108.9	8.34
20180825 	0010VDS30650	2	0	100	0
20180825 	0010VDS30700	2	214	96.13	6.99
20180825 	0010VDS30800	2	220	72	10.93
20180825 	0010VDS30900	2	224	102.17	7.75
20180825 	0010VDS31000	2	224	95.8	7.44
20180825 	0010VDE30500	2	161	120.73	4.08
20180825 	0010VDE30600	2	153	115.03	5.15
20180825 	0010VDE30650	2	0	100	0
20180825 	0010VDE30700	2	222	114.4	6.09
20180825 	0010VDE30800	2	192	93.6	6.9
20180825 	0010VDE30900	2	240	106.67	5.94
20180825 	0010VDE31000	2	212	111.43	5.78
20180825 	0010VDS30500	2	193	104.9	5.54
20180825 	0010VDS30600	2	196	110.3	5.82
20180825 	0010VDS30650	2	0	100	0
20180825 	0010VDS30700	2	198	100.5	6.18
20180825 	0010VDS30800	2	222	75	9.58
20180825 	0010VDS30900	2	202	104.5	6.96
20180825 	0010VDS31000	2	222	97.77	8.01
20180826 	0010VDE30500	2	141	110.83	8.86
20180826 	0010VDE30600	2	208	88.33	13.31
20180826 	0010VDE30650	2	0	100	0
20180826 	0010VDE30700	2	230	117.2	12.98
20180826 	0010VDE30800	2	219	86.4	15.64
20180826 	0010VDE30900	2	326	82.23	19.17
20180826 	0010VDE31000	2	256	93.67	16.74
20180826 	0010VDS30500	2	265	93.47	15.1
20180826 	0010VDS30600	2	249	98.87	16.08
20180826 	0010VDS30650	2	0	100	0
20180826 	0010VDS30700	2	218	79.07	12.86
20180826 	0010VDS30800	2	233	80.93	17.89
20180826 	0010VDS30900	2	271	92.97	26.72
20180826 	0010VDS31000	2	259	85.83	19.3
20180826 	0010VDE30500	2	134	105.75	7.55
20180826 	0010VDE30600	2	216	93.47	13.1
20180826 	0010VDE30650	2	0	100	0
20180826 	0010VDE30700	2	255	110.24	12.84
20180826 	0010VDE30800	2	247	77.54	16.35
20180826 	0010VDE30900	2	319	82.01	17.46
20180826 	0010VDE31000	2	269	95.29	14.95
20180826 	0010VDS30500	2	273	94.93	15.21
20180826 	0010VDS30600	2	235	101.07	15.36
20180826 	0010VDS30650	2	0	100	0
20180826 	0010VDS30700	2	205	82.78	14.18
20180826 	0010VDS30800	2	235	82.14	18.64
20180826 	0010VDS30900	2	283	94.74	24.69
20180826 	0010VDS31000	2	259	90.42	19.21
20180826 	0010VDE30500	2	167	113.1	8.81
20180826 	0010VDE30600	2	201	98.27	10.29
20180826 	0010VDE30650	2	0	100	0
20180826 	0010VDE30700	2	297	110.53	13.61
20180826 	0010VDE30800	2	253	81.1	14.96
20180826 	0010VDE30900	2	303	87.33	15.95
20180826 	0010VDE31000	2	254	97.67	13.65
20180826 	0010VDS30500	2	232	101.23	11.34
20180826 	0010VDS30600	2	196	105.73	10.78
20180826 	0010VDS30650	2	0	100	0
20180826 	0010VDS30700	2	191	81.3	11.9
20180826 	0010VDS30800	2	214	74.67	17.36
20180826 	0010VDS30900	2	248	91.43	19.94
20180826 	0010VDS31000	2	252	90.1	20.61
20180826 	0010VDE30500	2	141	113.7	8.38
20180826 	0010VDE30600	2	142	90.87	10.03
20180826 	0010VDE30650	2	0	100	0
20180826 	0010VDE30700	2	239	114.47	11.67
20180826 	0010VDE30800	2	228	84.57	15.16
20180826 	0010VDE30900	2	242	86.37	12.25
20180826 	0010VDE31000	2	239	99.5	13.26
20180826 	0010VDS30500	2	245	101.17	12.39
20180826 	0010VDS30600	2	192	92.6	15.21
20180826 	0010VDS30650	2	0	100	0
20180826 	0010VDS30700	2	215	85.47	13.26
20180826 	0010VDS30800	2	244	81.87	20.94
20180826 	0010VDS30900	2	235	96.07	18
20180826 	0010VDS31000	2	241	93.3	17.78
20180827 	0010VDE30500	2	114	100.51	6.45
20180827 	0010VDE30600	2	201	92.39	10.43
20180827 	0010VDE30650	2	0	100	0
20180827 	0010VDE30700	2	243	114.93	12.17
20180827 	0010VDE30800	2	179	78	11.87
20180827 	0010VDE30900	2	224	87.99	11.06
20180827 	0010VDE31000	2	195	108.1	6.24
20180827 	0010VDS30500	2	215	93.92	14.05
20180827 	0010VDS30600	2	147	97	9.35
20180827 	0010VDS30650	2	0	100	0
20180827 	0010VDS30700	2	184	97.09	6.09
20180827 	0010VDS30800	2	199	68.21	14.4
20180827 	0010VDS30900	2	140	89.76	10.38
20180827 	0010VDS31000	2	177	96.15	6.98
20180827 	0010VDE30500	2	97	95.14	5.3
20180827 	0010VDE30600	2	175	94.58	9.44
20180827 	0010VDE30650	2	0	100	0
20180827 	0010VDE30700	2	199	111.13	7.19
20180827 	0010VDE30800	2	186	80.33	11.25
20180827 	0010VDE30900	2	205	91.23	8.89
20180827 	0010VDE31000	2	171	110.48	4.69
20180827 	0010VDS30500	2	219	95.51	12.23
20180827 	0010VDS30600	2	145	105.73	6.49
20180827 	0010VDS30650	2	0	100	0
20180827 	0010VDS30700	2	166	99.56	5.75
20180827 	0010VDS30800	2	193	73.63	15.05
20180827 	0010VDS30900	2	159	101.94	7.27
20180827 	0010VDS31000	2	174	97.82	7.16
20180827 	0010VDE30500	2	100	100.47	8.97
20180827 	0010VDE30600	2	146	95.97	7.56
20180827 	0010VDE30650	2	0	100	0
20180827 	0010VDE30700	2	184	111.63	5.99
20180827 	0010VDE30800	2	163	80.83	9.17
20180827 	0010VDE30900	2	184	98.43	6.47
20180827 	0010VDE31000	2	179	110.07	5.53
20180827 	0010VDS30500	2	225	100.33	11.46
20180827 	0010VDS30600	2	141	100.87	6.87
20180827 	0010VDS30650	2	0	100	0
20180827 	0010VDS30700	2	184	102.5	5.45
20180827 	0010VDS30800	2	196	76.5	10.32
20180827 	0010VDS30900	2	139	104.73	4.95
20180827 	0010VDS31000	2	159	102.53	5.12
20180827 	0010VDE30500	2	93	103.09	6.28
20180827 	0010VDE30600	2	137	94.7	8.23
20180827 	0010VDE30650	2	0	100	0
20180827 	0010VDE30700	2	174	108.78	8.19
20180827 	0010VDE30800	2	138	80.99	8.22
20180827 	0010VDE30900	2	175	103.96	5.25
20180827 	0010VDE31000	2	135	117.7	3.87
20180827 	0010VDS30500	2	192	102.21	9.82
20180827 	0010VDS30600	2	131	103.19	6.29
20180827 	0010VDS30650	2	0	100	0
20180827 	0010VDS30700	2	151	98.09	5.47
20180827 	0010VDS30800	2	151	73.59	10.32
20180827 	0010VDS30900	2	125	109.54	4.59
20180827 	0010VDS31000	2	136	100.51	4.56
20180828 	0010VDE30500	2	94	107.93	4.07
20180828 	0010VDE30600	2	188	93	10.84
20180828 	0010VDE30650	2	0	100	0
20180828 	0010VDE30700	2	248	107.33	14.26
20180828 	0010VDE30800	2	206	74.73	14.62
20180828 	0010VDE31000	2	157	90.43	7.29
20180828 	0010VDS30500	2	250	107.53	14.15
20180828 	0010VDS30600	2	172	93.4	10.71
20180828 	0010VDS30650	2	0	100	0
20180828 	0010VDS30700	2	187	84.17	10.13
20180828 	0010VDS30800	2	33	70.7	2.02
20180828 	0010VDS31000	2	202	71.47	15.54
20180828 	0010VDE30500	2	89	114.31	4.13
20180828 	0010VDE30600	2	156	97.21	8.74
20180828 	0010VDE30650	2	0	100	0
20180828 	0010VDE30700	2	226	110.95	10.09
20180828 	0010VDE30800	2	198	81.6	13.24
20180828 	0010VDE31000	2	151	96.97	6.32
20180828 	0010VDS30500	2	255	100.35	13.68
20180828 	0010VDS30600	2	183	99.28	14.22
20180828 	0010VDS30650	2	0	100	0
20180828 	0010VDS30700	2	147	79.27	9.87
20180828 	0010VDS30800	2	32	76.25	2.18
20180828 	0010VDS31000	2	201	75.39	17.47
20180828 	0010VDE30500	2	84	112.71	3.38
20180828 	0010VDE30600	2	155	100.69	8.45
20180828 	0010VDE30650	2	0	100	0
20180828 	0010VDE30700	2	223	112.26	11.19
20180828 	0010VDE30800	2	183	74.61	11.53
20180828 	0010VDE31000	2	133	100.59	6.83
20180828 	0010VDS30500	2	207	104.1	10.03
20180828 	0010VDS30600	2	144	102.94	7.88
20180828 	0010VDS30650	2	0	100	0
20180828 	0010VDS30700	2	129	69.75	17.37
20180828 	0010VDS30800	2	40	76.86	2.33
20180828 	0010VDS31000	2	184	72.05	17.85
20180828 	0010VDE30500	2	61	115.43	3.95
20180828 	0010VDE30600	2	134	102.77	5.84
20180828 	0010VDE30650	2	0	100	0
20180828 	0010VDE30700	2	198	115.03	9.14
20180828 	0010VDE30800	2	157	81.97	7.9
20180828 	0010VDE31000	2	140	102.17	8.73
20180828 	0010VDS30500	2	209	102.93	10.75
20180828 	0010VDS30600	2	127	100.13	10.89
20180828 	0010VDS30650	2	0	100	0
20180828 	0010VDS30700	2	105	72.78	12.99
20180828 	0010VDS30800	2	31	80.5	1.89
20180828 	0010VDS31000	2	159	74.67	16.93
20180829 	0010VDE30500	2	106	94.17	6.59
20180829 	0010VDE30600	2	173	86.77	10.52
20180829 	0010VDE30650	2	0	100	0
20180829 	0010VDE30700	2	231	105.33	13.96
20180829 	0010VDE30800	2	226	77.87	17.48
20180829 	0010VDE30900	2	246	70.9	19.33
20180829 	0010VDE31000	2	174	85.67	14.14
20180829 	0010VDS30500	2	259	99.43	15.18
20180829 	0010VDS30600	2	120	97.5	9.26
20180829 	0010VDS30650	2	0	100	0
20180829 	0010VDS30700	2	215	74.97	17.79
20180829 	0010VDS30800	2	222	76.47	22.43
20180829 	0010VDS30900	2	223	88.9	21.95
20180829 	0010VDS31000	2	243	73.17	24.47
20180829 	0010VDE30500	2	112	101.69	7.34
20180829 	0010VDE30600	2	159	85.46	12.5
20180829 	0010VDE30650	2	0	100	0
20180829 	0010VDE30700	2	228	111.81	14.45
20180829 	0010VDE30800	2	219	74.64	15.27
20180829 	0010VDE30900	2	235	77.25	14.55
20180829 	0010VDE31000	2	165	78.05	16.61
20180829 	0010VDS30500	2	227	105.34	12.76
20180829 	0010VDS30600	2	153	90.6	16.07
20180829 	0010VDS30650	2	0	100	0
20180829 	0010VDS30700	2	156	73.16	11.93
20180829 	0010VDS30800	2	182	69.15	19.28
20180829 	0010VDS30900	2	204	86.57	17.26
20180829 	0010VDS31000	2	202	74.77	21.52
20180829 	0010VDE30500	2	124	104.73	6.74
20180829 	0010VDE30600	2	140	89.53	7.74
20180829 	0010VDE30650	2	0	100	0
20180829 	0010VDE30700	2	216	94.8	12.08
20180829 	0010VDE30800	2	192	71.1	14.36
20180829 	0010VDE30900	2	188	80.5	10.26
20180829 	0010VDE31000	2	162	84.43	9.63
20180829 	0010VDS30500	2	213	101.7	11.77
20180829 	0010VDS30600	2	80	94.5	6.4
20180829 	0010VDS30650	2	0	100	0
20180829 	0010VDS30700	2	206	77.77	14.19
20180829 	0010VDS30800	2	189	59.07	22.35
20180829 	0010VDS30900	2	195	83.77	18.79
20180829 	0010VDS31000	2	212	81.57	20.14
20180829 	0010VDE30500	2	134	95.9	6.38
20180829 	0010VDE30600	2	135	86.67	7.84
20180829 	0010VDE30650	2	0	100	0
20180829 	0010VDE30700	2	200	94.9	11.39
20180829 	0010VDE30800	2	185	66.53	13.88
20180829 	0010VDE30900	2	182	83.3	10.02
20180829 	0010VDE31000	2	164	88.9	9.38
20180829 	0010VDS30500	2	198	93	10.98
20180829 	0010VDS30600	2	120	98.43	11.54
20180829 	0010VDS30650	2	0	100	0
20180829 	0010VDS30700	2	177	78.37	12.54
20180829 	0010VDS30800	2	175	61.07	20.79
20180829 	0010VDS30900	2	188	83.17	14.03
20180829 	0010VDS31000	2	196	79.97	14.21
20180830 	0010VDE30500	2	162	117.8	4.77
20180830 	0010VDE30600	2	165	108.97	5.84
20180830 	0010VDE30650	2	0	100	0
20180830 	0010VDE30700	2	225	110.4	6.85
20180830 	0010VDE30800	2	217	85.13	8.53
20180830 	0010VDE30900	2	285	101.1	8.26
20180830 	0010VDE31000	2	231	108.63	6.85
20180830 	0010VDS30500	2	185	104.17	5.74
20180830 	0010VDS30600	2	87	110.07	4.34
20180830 	0010VDS30650	2	0	100	0
20180830 	0010VDS30700	2	190	98.37	5.88
20180830 	0010VDS30800	2	204	73.97	9.52
20180830 	0010VDS30900	2	230	100.83	7.73
20180830 	0010VDS31000	2	231	95.63	8.1
20180830 	0010VDE30500	2	174	118.83	5.09
20180830 	0010VDE30600	2	160	108.83	5.78
20180830 	0010VDE30650	2	0	100	0
20180830 	0010VDE30700	2	217	110.6	6.51
20180830 	0010VDE30800	2	217	84.93	8.97
20180830 	0010VDE30900	2	242	101.9	6.81
20180830 	0010VDE31000	2	218	109.53	6.3
20180830 	0010VDS30500	2	200	102.17	6.36
20180830 	0010VDS30600	2	199	111.17	9.78
20180830 	0010VDS30650	2	0	100	0
20180830 	0010VDS30700	2	215	97.3	6.91
20180830 	0010VDS30800	2	219	71.37	9.88
20180830 	0010VDS30900	2	213	100.67	7.07
20180830 	0010VDS31000	2	235	94.97	8.65
20180830 	0010VDE30500	2	140	118.6	3.72
20180830 	0010VDE30600	2	143	114.73	5.2
20180830 	0010VDE30650	2	0	100	0
20180830 	0010VDE30700	2	195	110.1	5.89
20180830 	0010VDE30800	2	189	87.73	7.06
20180830 	0010VDE30900	2	232	103.53	6.29
20180830 	0010VDE31000	2	189	113.1	5.14
20180830 	0010VDS30500	2	192	105.13	5.92
20180830 	0010VDS30600	2	193	108.17	9.67
20180830 	0010VDS30650	2	0	100	0
20180830 	0010VDS30700	2	206	99.53	6.3
20180830 	0010VDS30800	2	213	72.33	9.54
20180830 	0010VDS30900	2	199	102.27	6.84
20180830 	0010VDS31000	2	213	98.03	7.39
20180830 	0010VDE30500	2	145	120.71	3.61
20180830 	0010VDE30600	2	142	113.64	4.62
20180830 	0010VDE30650	2	0	100	0
20180830 	0010VDE30700	2	214	111.91	6.36
20180830 	0010VDE30800	2	209	86.89	7.74
20180830 	0010VDE30900	2	225	101.91	6.08
20180830 	0010VDE31000	2	192	111.42	5.47
20180830 	0010VDS30500	2	178	107.56	5.61
20180830 	0010VDS30600	2	160	111.14	8.82
20180830 	0010VDS30650	2	0	100	0
20180830 	0010VDS30700	2	182	101.04	6.71
20180830 	0010VDS30800	2	180	73.87	8.06
20180830 	0010VDS30900	2	176	102.56	5.63
20180830 	0010VDS31000	2	190	96.27	7.09
20180831 	0010VDE30500	2	170	109.33	5.04
20180831 	0010VDE30600	2	238	104.24	8.55
20180831 	0010VDE30650	2	0	100	0
20180831 	0010VDE30700	2	179	105.36	5.65
20180831 	0010VDE30800	2	176	82.06	7.69
20180831 	0010VDE30900	2	302	94.56	9.68
20180831 	0010VDE31000	2	199	101.61	6.15
20180831 	0010VDS30500	2	199	99.28	6.3
20180831 	0010VDS30600	2	218	106.99	7.52
20180831 	0010VDS30650	2	0	100	0
20180831 	0010VDS30700	2	204	92.41	7.37
20180831 	0010VDS30800	2	215	69.02	10.86
20180831 	0010VDS30900	2	272	92.76	9.95
20180831 	0010VDS31000	2	218	87.54	8.48
20180831 	0010VDE30500	2	169	111.67	4.99
20180831 	0010VDE30600	2	187	107.33	6.67
20180831 	0010VDE30650	2	0	100	0
20180831 	0010VDE30700	2	204	107.8	6.53
20180831 	0010VDE30800	2	198	83.17	8.05
20180831 	0010VDE30900	2	279	98.3	8.91
20180831 	0010VDE31000	2	229	103.63	7.08
20180831 	0010VDS30500	2	192	100.57	6.49
20180831 	0010VDS30600	2	215	107.13	7.64
20180831 	0010VDS30650	2	0	100	0
20180831 	0010VDS30700	2	203	92.67	6.98
20180831 	0010VDS30800	2	221	71.33	9.86
20180831 	0010VDS30900	2	245	97.73	8.3
20180831 	0010VDS31000	2	210	92.17	8.15
20180831 	0010VDE30500	2	165	119.36	4.54
20180831 	0010VDE30600	2	186	110.97	6.3
20180831 	0010VDE30650	2	0	100	0
20180831 	0010VDE30700	2	206	108.07	6.15
20180831 	0010VDE30800	2	205	85.67	8.19
20180831 	0010VDE30900	2	242	101.79	6.8
20180831 	0010VDE31000	2	199	106.9	5.71
20180831 	0010VDS30500	2	184	102.14	6.01
20180831 	0010VDS30600	2	219	104.42	11.14
20180831 	0010VDS30650	2	0	100	0
20180831 	0010VDS30700	2	214	97.88	6.86
20180831 	0010VDS30800	2	224	72.4	10.97
20180831 	0010VDS30900	2	234	98.03	8.49
20180831 	0010VDS31000	2	230	90.83	8.39
20180831 	0010VDE30500	2	150	121.51	3.99
20180831 	0010VDE30600	2	128	114.83	4.52
20180831 	0010VDE30650	2	0	100	0
20180831 	0010VDE30700	2	189	108.54	5.81
20180831 	0010VDE30800	2	198	84.95	7.84
20180831 	0010VDE30900	2	244	102.31	7.99
20180831 	0010VDE31000	2	197	113.1	5.35
20180831 	0010VDS30500	2	199	102.07	6.48
20180831 	0010VDS30600	2	239	105.33	16.42
20180831 	0010VDS30650	2	0	100	0
20180831 	0010VDS30700	2	206	96.37	6.87
20180831 	0010VDS30800	2	206	69.89	9.77
20180831 	0010VDS30900	2	231	95.77	8.18
20180831 	0010VDS31000	2	235	94.36	8.42
